2 0.008921876
3 0.00724338
4 0.011880771
5 0.0164304
6 0.019407089
7 0.02610973
8 0.044992018
9 0.039230832
10 0.045090909
11 0.05461037
12 0.05440907
13 0.059444061
14 0.06645092
15 0.073437619
16 0.079317691
17 0.099479262
18 0.115093896
19 0.114596879
20 0.132038175
21 0.12916282
22 0.135622919
23 0.143896084
24 0.157791585
25 0.160269748
26 0.176329127
27 0.177126316
28 0.185907496
29 0.196923665
30 0.20265064
31 0.211315901
32 0.218904802
33 0.234700405
34 0.236329908
35 0.250557605
36 0.257969933
37 0.268168322
38 0.309314143
39 0.295043231
40 0.29586907
41 0.300509016
42 0.307865135
43 0.319746603
44 0.33838605
45 0.335756055
46 0.342959195
47 0.351192612
48 0.359971909
49 0.371618699
50 0.379985298
51 0.392174407
52 0.401747641
53 0.415270533
54 0.423250216
55 0.432219389
56 0.438687853
57 0.453425525
58 0.457922556
59 0.476521214
60 0.493823242
61 0.492273567
62 0.50212729
63 0.509839944
64 0.527271416
65 0.552232452
66 0.544583814
67 0.565689304
68 0.58145968
69 0.589334122
70 0.601971366
71 0.614322418
72 0.644560355
73 0.655197937
74 0.652635146
75 0.664203918
76 0.67202471
77 0.686508245
78 0.689441628
79 0.698062817
80 0.70845745
81 0.721708534
82 0.72967677
83 0.740826062
84 0.754301167
85 0.767957811
86 0.775583138
87 0.792036158
88 0.801137936
89 0.809027983
90 0.821799988
91 0.839373818
92 0.850370967
93 0.851434482
94 0.855107893
95 0.865726884
96 0.873849168
97 0.892338288
98 0.901367064
99 0.922641422
100 0.941101833
101 0.963088899
102 0.977573285
103 1.006311219
104 0.986704352
105 0.997835395
106 1.005201074
107 1.020665711
108 1.027143559
109 1.040495926
110 1.046958894
111 1.064502012
112 1.0733178
113 1.086593589
114 1.087115821
115 1.12563152
116 1.115628472
117 1.131150223
118 1.143919971
119 1.157941191
120 1.170433798
121 1.18053685
122 1.195575805
123 1.208727906
124 1.205656094
125 1.229012864
126 1.233889176
127 1.249986069
128 1.275614045
129 1.295973294
130 1.30728026
131 1.339686261
132 1.36857526
133 1.381180828
134 1.396223215
135 1.445968228
136 1.481472386
137 1.467696566
138 1.484763552
139 1.504407266
140 1.508461748
141 1.529362725
142 1.54681673
143 1.550667436
144 1.576172133
145 1.579164161
146 1.605905381
147 1.607127491
148 1.615004853
149 1.627833716
150 1.640098558
151 1.657377069
152 1.657486164
153 1.677720168
154 1.679322544
155 1.693862901
156 1.704773212
157 1.71715031
158 1.722259174
159 1.74295118
160 1.740683273
161 1.768969213
162 1.784913648
163 1.806931043
164 1.805683583
165 1.834217568
166 1.831278542
167 1.850282555
168 1.868484324
169 1.8738022
170 1.886607908
171 1.910204188
172 1.91934485
173 1.953205792
174 1.957636948
175 1.95970715
176 1.976573674
177 2.006414325
178 2.004937941
179 2.008932112
180 2.017146216
181 2.048937823
182 2.045405544
183 2.064509367
184 2.067841685
185 2.078181666
186 2.09018279
187 2.101652922
188 2.108707409
189 2.131509763
190 2.152275062
191 2.157471988
192 2.171422665
193 2.18838292
194 2.188295237
195 2.218668711
196 2.239925777
197 2.274191786
198 2.288024665
199 2.282621966
200 2.304239599
201 2.323788519
202 2.348762335
203 2.352794355
204 2.37693219
205 2.399793708
206 2.385127206
207 2.408623534
208 2.412046082
209 2.437789076
210 2.456445973
211 2.48915977
212 2.481135769
213 2.49091962
214 2.494437672
215 2.516732797
216 2.520801692
217 2.559049811
218 2.5881961
219 2.579839133
220 2.590738698
221 2.606334192
222 2.606694618
223 2.610065595
224 2.652481923
225 2.643360927
226 2.669394489
227 2.695477968
228 2.683142004
229 2.70515821
230 2.730324297
231 2.743690286
232 2.77317731
233 2.773221293
234 2.777557129
235 2.798592056
236 2.79657876
237 2.813626044
238 2.850367049
239 2.831563251
240 2.848414336
241 2.882454471
242 2.914689389
243 2.908057842
244 2.903445336
245 2.933350706
246 2.956196853
247 2.988838336
248 2.959223088
249 2.97354387
250 3.003426481
251 3.012374146
252 3.037221461
253 3.025415411
254 3.025412766
255 3.042824626
256 3.048438627
257 3.14457246
258 3.159136862
259 3.240749386
260 3.277746806
261 3.274454152
262 3.285810964
263 3.405720091
264 3.438622276
265 3.483212443
266 3.465714974
267 3.477610025
268 3.500467651
269 3.506449962
270 3.512871916
271 3.540183021
272 3.586352287
273 3.565543764
274 3.581850508
275 3.604075284
276 3.676302282
277 3.646719474
278 3.772054063
279 3.769963035
280 3.763386528
281 3.764981499
282 3.778234929
283 3.796584601
284 3.854416998
285 3.938492193
286 3.945231766
287 3.969929509
288 3.97455161
289 4.030136793
290 4.038990106
291 4.056300012
292 4.082300673
293 4.087776527
294 4.104429665
295 4.114430394
296 4.114030696
297 4.1319401
298 4.139800373
299 4.152007884
300 4.160604213
301 4.181120892
302 4.193178734
303 4.207749041
304 4.218014855
305 4.24936064
306 4.288251846
307 4.285420559
308 4.286395633
309 4.320029911
310 4.310531633
311 4.324979364
312 4.31905271
313 4.353541767
314 4.356470851
315 4.392104795
316 4.377935351
317 4.399204571
318 4.401665333
319 4.408097337
320 4.437560728
321 4.459669487
322 4.481727443
323 4.531331594
324 4.534801354
325 4.56235934
326 4.577373667
327 4.606005952
328 4.605437388
329 4.500173077
330 4.673448889
331 4.65136659
332 4.696154562
333 4.713543443
334 4.71484992
335 4.709167709
336 4.699985588
337 4.712061762
338 4.725790937
339 4.745304393
340 4.766011137
341 4.790032512
342 4.783043542
343 4.801319726
344 4.838246493
345 4.840499966
346 4.845799845
347 4.84835082
348 4.903686315
349 4.904740823
350 4.941011629
351 4.93092856
352 4.945522774
353 4.981943324
354 4.996934006

