2 0.00030303001403808594
3 0.0020301342010498047
4 0.003108978271484375
5 0.004243135452270508
6 0.0062139034271240234
7 0.008367061614990234
8 0.013541936874389648
9 0.010101795196533203
10 0.013367176055908203
11 0.016715049743652344
12 0.017590999603271484
13 0.02102804183959961
14 0.024837017059326172
15 0.030826091766357422
16 0.025822162628173828
17 0.02975296974182129
18 0.03441905975341797
19 0.03897213935852051
20 0.04275703430175781
21 0.04527020454406738
22 0.05069708824157715
23 0.0595240592956543
24 0.05466794967651367
25 0.060337066650390625
26 0.06724905967712402
27 0.07741308212280273
28 0.07511401176452637
29 0.08734798431396484
30 0.09329509735107422
31 0.11460709571838379
32 0.08106684684753418
33 0.0866389274597168
34 0.09638094902038574
35 0.10503602027893066
36 0.17343807220458984
37 0.181427001953125
38 0.197113037109375
39 0.20270085334777832
40 0.20134282112121582
41 0.20924091339111328
42 0.21815896034240723
43 0.2260570526123047
44 0.23526406288146973
45 0.2418808937072754
46 0.25188279151916504
47 0.26254796981811523
48 0.270827054977417
49 0.27654600143432617
50 0.2879211902618408
51 0.2617659568786621
52 0.2678520679473877
53 0.2764558792114258
54 0.28264284133911133
55 0.28753089904785156
56 0.2958188056945801
57 0.3004910945892334
58 0.305387020111084
59 0.3172109127044678
60 0.327146053314209
61 0.3275570869445801
62 0.3366711139678955
63 0.34189796447753906
64 0.34368205070495605
65 0.35642194747924805
66 0.36521410942077637
67 0.370250940322876
68 0.3807661533355713
69 0.38434505462646484
70 0.3910369873046875
71 0.40534496307373047
72 0.41262292861938477
73 0.4189639091491699
74 0.4322469234466553
75 0.4412848949432373
76 0.4486391544342041
77 0.4565880298614502
78 0.45926594734191895
79 0.4718010425567627
80 0.4808948040008545
81 0.48983192443847656
82 0.4991159439086914
83 0.5049870014190674
84 0.5098190307617188
85 0.517690896987915
86 0.5254678726196289
87 0.5347230434417725
88 0.5438151359558105
89 0.5515518188476562
90 0.5566670894622803
91 0.5644710063934326
92 0.5725347995758057
93 0.577765941619873
94 0.5837960243225098
95 0.5993049144744873
96 0.6171281337738037
97 0.6160950660705566
98 0.6259379386901855
99 0.6342370510101318
100 0.6417460441589355
101 0.6509060859680176
102 0.6568961143493652
103 0.6698060035705566
104 0.6827230453491211
105 0.691277027130127
106 0.697476863861084
107 0.7063100337982178
108 0.7118020057678223
109 0.7176380157470703
110 0.7240350246429443
111 0.7365491390228271
112 0.747891902923584
113 0.7633860111236572
114 0.767949104309082
115 0.7761130332946777
116 0.7895369529724121
117 0.8067460060119629
118 0.8111917972564697
119 0.8360090255737305
120 0.8318679332733154
121 0.8461401462554932
122 0.8586268424987793
123 0.8615272045135498
124 0.8649070262908936
125 0.8837888240814209
126 0.8973989486694336
127 0.9067108631134033
128 0.9284250736236572
129 0.9308009147644043
130 0.9509239196777344
131 0.9529168605804443
132 0.9551749229431152
133 0.9735798835754395
134 0.981238842010498
135 0.9839479923248291
136 0.9870638847351074
137 0.9955239295959473
138 1.0042450428009033
139 1.005748987197876
140 1.0131912231445312
141 1.0314021110534668
142 1.0461139678955078
143 1.0494070053100586
144 1.0482499599456787
145 1.0572350025177002
146 1.0725178718566895
147 1.0715868473052979
148 1.073800802230835
149 1.0858221054077148
150 1.0998129844665527
151 1.1054389476776123
152 1.1025428771972656
153 1.1171989440917969
154 1.1257538795471191
155 1.1270489692687988
156 1.1289539337158203
157 1.150954008102417
158 1.1675679683685303
159 1.1696248054504395
160 1.183527946472168
161 1.1960389614105225
162 1.210752010345459
163 1.2104341983795166
164 1.215062141418457
165 1.2294039726257324
166 1.2518820762634277
167 1.2450461387634277
168 1.24721097946167
169 1.258225917816162
170 1.279991865158081
171 1.2793638706207275
172 1.2812540531158447
173 1.2973511219024658
174 1.3160309791564941
175 1.3173699378967285
176 1.3217360973358154
177 1.326934814453125
178 1.3373839855194092
179 1.3383910655975342
180 1.3423521518707275
181 1.3561148643493652
182 1.3743109703063965
183 1.3756990432739258
184 1.377648115158081
185 1.3869881629943848
186 1.4050869941711426
187 1.4054148197174072
188 1.4058201313018799
189 1.432002067565918
190 1.4542310237884521
191 1.4635190963745117
192 1.478304147720337
193 1.4890260696411133
194 1.5045640468597412
195 1.5068740844726562
196 1.5091350078582764
197 1.5266430377960205
198 1.5377140045166016
199 1.5393259525299072
200 1.5445220470428467
201 1.5553410053253174
202 1.5733211040496826
203 1.5738029479980469
204 1.5804390907287598
205 1.5981721878051758
206 1.61519193649292
207 1.6200671195983887
208 1.6148030757904053
209 1.6247971057891846
210 1.6457369327545166
211 1.651474952697754
212 1.6451818943023682
213 1.6617310047149658
214 1.6788020133972168
215 1.680016040802002
216 1.6840019226074219
217 1.6907949447631836
218 1.7028491497039795
219 1.704111099243164
220 1.7073299884796143
221 1.686776876449585
222 1.662945032119751
223 1.665910005569458
224 1.6919019222259521
225 1.7673420906066895
226 1.7859668731689453
227 1.7885761260986328
228 1.7950470447540283
229 1.7966129779815674
230 1.810610055923462
231 1.8125121593475342
232 1.8183410167694092
233 1.827988862991333
234 1.8401098251342773
235 1.8390920162200928
236 1.8417952060699463
237 1.8520240783691406
238 1.8592309951782227
239 1.856536865234375
240 1.8507459163665771
241 1.7966361045837402
242 1.8094639778137207
243 1.820504903793335
244 1.8093419075012207
245 1.8161640167236328
246 1.8235981464385986
247 1.8300940990447998
248 1.8340041637420654
249 1.8604068756103516
250 1.8478379249572754
251 1.853348970413208
252 1.9029779434204102
253 2.0359530448913574
254 2.036087989807129
255 2.1147708892822266
256 2.167409896850586
257 2.1625890731811523
258 2.16837215423584
259 2.1862709522247314
260 2.1982882022857666
261 2.2080600261688232
262 2.217803955078125
263 2.2166860103607178
264 2.2183940410614014
265 2.2199130058288574
266 2.23168683052063
267 2.2292611598968506
268 2.233800172805786
269 2.2422637939453125
270 2.2644240856170654
271 2.259917974472046
272 2.2642970085144043
273 2.2675271034240723
274 2.274402141571045
275 2.2909839153289795
276 2.3037619590759277
277 2.2999091148376465
278 2.2967209815979004
279 2.3203418254852295
280 2.342406988143921
281 2.3456480503082275
282 2.352638006210327
283 2.3603241443634033
284 2.366791009902954
285 2.370577096939087
286 2.3802828788757324
287 2.3877060413360596
288 2.404391050338745
289 2.408690929412842
290 2.4088621139526367
291 2.4209139347076416
292 2.424800157546997
293 2.4327189922332764
294 2.442697048187256
295 2.434176206588745
296 2.4408180713653564
297 2.4550061225891113
298 2.4554460048675537
299 2.4686059951782227
300 2.485269069671631
301 2.484772205352783
302 2.491647958755493
303 2.4953219890594482
304 2.504462957382202
305 2.5128250122070312
306 2.524980068206787
307 2.526038885116577
308 2.5322329998016357
309 2.5426840782165527
310 2.5550200939178467
311 2.5488839149475098
312 2.555299997329712
313 2.558917999267578
314 2.57525897026062
315 2.5736849308013916
316 2.5785300731658936
317 2.5822298526763916
318 2.5858120918273926
319 2.577749013900757
320 2.5689589977264404
321 2.5806000232696533
322 2.5827741622924805
323 2.5876400470733643
324 2.601717948913574
325 2.6087591648101807
326 2.632169008255005
327 2.61702299118042
328 2.6234779357910156
329 2.6234397888183594
330 2.639303207397461
331 2.6535961627960205
332 2.662658929824829
333 2.6483981609344482
334 2.660973072052002
335 2.6975247859954834
336 2.7286200523376465
337 2.73075008392334
338 2.72430682182312
339 2.7304699420928955
340 2.736039876937866
341 2.740118980407715
342 2.7614519596099854
343 2.8468189239501953
344 2.8600430488586426
345 2.8584909439086914
346 2.8647119998931885
347 2.8742799758911133
348 2.8855040073394775
349 2.8898401260375977
350 2.8979811668395996
351 2.901427984237671
352 2.9073259830474854
353 2.9154839515686035
354 2.9259119033813477
355 2.9298088550567627
356 2.9332220554351807
357 2.9375929832458496
358 2.9422290325164795
359 2.9596970081329346
360 2.97409987449646
361 2.976884126663208
362 2.9833269119262695
363 2.9890949726104736
364 2.992851972579956
365 3.0012850761413574
366 3.0097768306732178
367 3.011479139328003
368 3.0178489685058594
369 3.023310899734497
370 3.031247138977051
371 3.0402779579162598
372 3.0495381355285645
373 3.0532970428466797
374 3.063735008239746
375 3.0681419372558594
376 3.074510097503662
377 3.0833961963653564
378 3.093364953994751
379 3.088994026184082
380 3.0933101177215576
381 3.0998449325561523
382 3.103417158126831
383 3.212235927581787
384 3.284173011779785
385 3.2919459342956543
386 3.301839828491211
387 3.3073220252990723
388 3.315001964569092
389 3.3163559436798096
390 3.3240201473236084
391 3.3360049724578857
392 3.382920980453491
393 3.3836729526519775
394 3.3961079120635986
395 3.3962600231170654
396 3.4045989513397217
397 3.407191038131714
398 3.414741039276123
399 3.4234979152679443
400 3.433103084564209
401 3.4503159523010254
402 3.445122003555298
403 3.4502780437469482
404 3.345768928527832
405 3.3876190185546875
406 3.4850800037384033
407 3.489467144012451
408 3.4989349842071533
409 3.511216878890991
410 3.5104598999023438
411 3.514274835586548
412 3.51806902885437
413 3.5307278633117676
414 3.536428928375244
415 3.534723997116089
416 3.545297861099243
417 3.5494000911712646
418 3.556468963623047
419 3.564253091812134
420 3.588150978088379
421 3.5959668159484863
422 3.6005499362945557
423 3.604957103729248
424 3.6121268272399902
425 3.615246057510376
426 3.6272571086883545
427 3.637583017349243
428 3.638731002807617
429 3.644641160964966
430 3.6557159423828125
431 3.6564009189605713
432 3.664069890975952
433 3.685789108276367
434 3.6820290088653564
435 3.6874148845672607
436 3.6930088996887207
437 3.6997900009155273
438 3.59896183013916
439 3.605894088745117
440 3.5906429290771484
441 3.623342990875244
442 3.6494078636169434
443 3.7342770099639893
444 3.7406060695648193
445 3.750218152999878
446 3.7555108070373535
447 3.7151589393615723
448 3.725541114807129
449 3.6115059852600098
450 3.6206140518188477
451 3.621068000793457
452 3.7489051818847656
453 3.7574009895324707
454 3.756042957305908
455 3.7649998664855957
456 3.782076835632324
457 3.7791831493377686
458 3.7904469966888428
459 3.79140305519104
460 3.7994229793548584
461 3.803508996963501
462 3.8110640048980713
463 3.814271926879883
464 3.8291900157928467
465 3.834749937057495
466 3.84413480758667
467 3.854702949523926
468 3.8554928302764893
469 3.855790853500366
470 3.8661491870880127
471 3.8689959049224854
472 3.8795669078826904
473 3.885464906692505
474 3.8914499282836914
475 3.8960120677948
476 3.9046199321746826
477 3.907866954803467
478 3.911491870880127
479 3.92366099357605
480 3.9597928524017334
481 3.9532110691070557
482 3.960225820541382
483 3.9626331329345703
484 3.974010944366455
485 3.9755890369415283
486 3.9842889308929443
487 3.9877068996429443
488 4.00026798248291
489 4.003381967544556
490 4.010876893997192
491 4.017709970474243
492 4.022179841995239
493 4.032444953918457
494 4.036266088485718
495 4.04536509513855
496 4.05265998840332
497 4.055222034454346
498 4.06237006187439
499 4.066725969314575
500 4.076040983200073
